time	nose_x	nose_y	r_shoulder_x	r_shoulder_y	l_shoulder_x	l_shooulder_t	cursor_x	cursor_y	block	repetition	target	trial	state	comeback	is_blind	at_home	count_mouse	score
8415.710000000894	0.0	0.0	0.0	0.0	0.0	0.0	600.0	325.0	1	1	0	1	0	1	0	1	0	0
13208.663900000975	0.0	0.0	0.0	0.0	0.0	0.0	600.0	325.0	1	1	0	1	0	1	0	1	0	0
15837.425599999726	0.0	0.0	0.0	0.0	0.0	0.0	600.0	325.0	1	1	0	1	0	1	0	1	0	0
16491.110799999908	0.0	0.0	0.0	0.0	0.0	0.0	600.0	325.0	1	1	0	1	0	1	0	1	0	0
17662.26359999925	0.0	0.0	0.0	0.0	0.0	0.0	600.0	325.0	1	1	0	1	0	1	0	1	0	0
18759.98359999992	0.0	0.0	0.0	0.0	0.0	0.0	600.0	325.0	1	1	0	1	0	1	0	1	0	0
20141.496899999678	0.0	0.0	0.0	0.0	0.0	0.0	600.0	325.0	1	1	0	1	0	1	0	1	0	0
20562.756000000983	0.0	0.0	0.0	0.0	0.0	0.0	600.0	325.0	1	1	0	1	0	1	0	1	0	0
21356.263800000772	0.0	0.0	0.0	0.0	0.0	0.0	600.0	325.0	1	1	0	1	0	1	0	1	0	0
22617.44570000097	0.0	0.0	0.0	0.0	0.0	0.0	600.0	325.0	1	1	0	1	0	1	0	1	0	0
23270.541799999774	0.0	0.0	0.0	0.0	0.0	0.0	600.0	325.0	1	1	0	1	0	1	0	1	0	0
24069.094200000167	0.0	0.0	0.0	0.0	0.0	0.0	600.0	325.0	1	1	0	1	0	1	0	1	0	0
24647.093499999493	0.0	0.0	0.0	0.0	0.0	0.0	600.0	325.0	1	1	0	1	0	1	0	1	0	0
25843.098100000992	0.0	0.0	0.0	0.0	0.0	0.0	600.0	325.0	1	1	0	1	0	1	0	1	0	0
35914.37739999965	0.0	0.0	0.0	0.0	0.0	0.0	600.0	325.0	1	1	0	1	0	1	0	1	0	0
130882.57379999943	0.14208984375	0.907015860080719	0.7677862644195557	0.8334615230560303	600.0	325.0	1	1	0	1	0	1	0	1	0	0
131800.30089999922	0.14208984375	0.907015860080719	0.7677862644195557	0.8334615230560303	600.0	325.0	1	1	0	1	0	1	0	1	0	0
132672.0097000003	0.14208984375	0.907015860080719	0.7677862644195557	0.8334615230560303	600.0	325.0	1	1	0	1	0	1	0	1	0	0
137304.32049999945	0.14208984375	0.907015860080719	0.7677862644195557	0.8334615230560303	1080.9302433192279	454.9828986005582	1	1	0	1	0	1	0	1	0	0
138933.4177000001	0.14208984375	0.907015860080719	0.7677862644195557	0.8334615230560303	1080.9302433192279	454.9828986005582	1	1	0	1	0	1	0	1	0	0
142953.7993999999	0.14208984375	0.907015860080719	0.7677862644195557	0.8334615230560303	1.6938288795448355	0.7129629114476052	1	1	0	1	0	1	0	1	0	0
144331.38639999926	0.14208984375	0.907015860080719	0.7677862644195557	0.8334615230560303	1.6938288795448355	0.7129629114476052	1	1	0	1	0	1	0	1	0	0
277529.5181000009	0.14208984375	0.907015860080719	0.7677862644195557	0.8334615230560303	1.6938288795448355	0.7129629114476052	1	1	0	1	0	1	0	1	0	0
278685.9146999996	0.14208984375	0.907015860080719	0.7677862644195557	0.8334615230560303	1.6938288795448355	0.7129629114476052	1	1	0	1	0	1	0	1	0	0
285269.64169999957	0.14208984375	0.907015860080719	0.7677862644195557	0.8334615230560303	1.6938288795448355	0.7129629114476052	1	1	0	1	0	1	0	1	0	0
286276.2829	0.14208984375	0.907015860080719	0.7677862644195557	0.8334615230560303	1.6938288795448355	0.7129629114476052	1	1	0	1	0	1	0	1	0	0
287762.7935000006	0.14208984375	0.907015860080719	0.7677862644195557	0.8334615230560303	1.6938288795448355	0.7129629114476052	1	1	0	1	0	1	0	1	0	0
