0.000000000000000000e+00 0.000000000000000000e+00 0.000000000000000000e+00 0.000000000000000000e+00
0.000000000000000000e+00 0.000000000000000000e+00 0.000000000000000000e+00 0.000000000000000000e+00
0.000000000000000000e+00 0.000000000000000000e+00 0.000000000000000000e+00 0.000000000000000000e+00
0.000000000000000000e+00 0.000000000000000000e+00 0.000000000000000000e+00 0.000000000000000000e+00
0.000000000000000000e+00 0.000000000000000000e+00 0.000000000000000000e+00 0.000000000000000000e+00
0.000000000000000000e+00 0.000000000000000000e+00 0.000000000000000000e+00 0.000000000000000000e+00
0.000000000000000000e+00 0.000000000000000000e+00 0.000000000000000000e+00 0.000000000000000000e+00
0.000000000000000000e+00 0.000000000000000000e+00 0.000000000000000000e+00 0.000000000000000000e+00
0.000000000000000000e+00 0.000000000000000000e+00 0.000000000000000000e+00 0.000000000000000000e+00
0.000000000000000000e+00 0.000000000000000000e+00 0.000000000000000000e+00 0.000000000000000000e+00
0.000000000000000000e+00 0.000000000000000000e+00 0.000000000000000000e+00 0.000000000000000000e+00
0.000000000000000000e+00 0.000000000000000000e+00 0.000000000000000000e+00 0.000000000000000000e+00
0.000000000000000000e+00 0.000000000000000000e+00 0.000000000000000000e+00 0.000000000000000000e+00
0.000000000000000000e+00 0.000000000000000000e+00 0.000000000000000000e+00 0.000000000000000000e+00
0.000000000000000000e+00 0.000000000000000000e+00 0.000000000000000000e+00 0.000000000000000000e+00
0.000000000000000000e+00 0.000000000000000000e+00 0.000000000000000000e+00 0.000000000000000000e+00
0.000000000000000000e+00 0.000000000000000000e+00 0.000000000000000000e+00 0.000000000000000000e+00
0.000000000000000000e+00 0.000000000000000000e+00 0.000000000000000000e+00 0.000000000000000000e+00
0.000000000000000000e+00 0.000000000000000000e+00 0.000000000000000000e+00 0.000000000000000000e+00
0.000000000000000000e+00 0.000000000000000000e+00 0.000000000000000000e+00 0.000000000000000000e+00
0.000000000000000000e+00 0.000000000000000000e+00 0.000000000000000000e+00 0.000000000000000000e+00
0.000000000000000000e+00 0.000000000000000000e+00 0.000000000000000000e+00 0.000000000000000000e+00
0.000000000000000000e+00 0.000000000000000000e+00 0.000000000000000000e+00 0.000000000000000000e+00
0.000000000000000000e+00 0.000000000000000000e+00 0.000000000000000000e+00 0.000000000000000000e+00
0.000000000000000000e+00 0.000000000000000000e+00 0.000000000000000000e+00 0.000000000000000000e+00
0.000000000000000000e+00 0.000000000000000000e+00 0.000000000000000000e+00 0.000000000000000000e+00
0.000000000000000000e+00 0.000000000000000000e+00 0.000000000000000000e+00 0.000000000000000000e+00
0.000000000000000000e+00 0.000000000000000000e+00 0.000000000000000000e+00 0.000000000000000000e+00
0.000000000000000000e+00 0.000000000000000000e+00 0.000000000000000000e+00 0.000000000000000000e+00
0.000000000000000000e+00 0.000000000000000000e+00 0.000000000000000000e+00 0.000000000000000000e+00
0.000000000000000000e+00 0.000000000000000000e+00 0.000000000000000000e+00 0.000000000000000000e+00
0.000000000000000000e+00 0.000000000000000000e+00 0.000000000000000000e+00 0.000000000000000000e+00
0.000000000000000000e+00 0.000000000000000000e+00 0.000000000000000000e+00 0.000000000000000000e+00
9.426563978195190430e-02 1.078462123870849609e+00 6.103199720382690430e-01 1.081910490989685059e+00
9.426563978195190430e-02 1.078462123870849609e+00 6.103199720382690430e-01 1.081910490989685059e+00
9.426563978195190430e-02 1.078462123870849609e+00 6.103199720382690430e-01 1.081910490989685059e+00
9.645238518714904785e-02 1.060156583786010742e+00 6.025981307029724121e-01 1.096337795257568359e+00
9.645238518714904785e-02 1.060156583786010742e+00 6.025981307029724121e-01 1.096337795257568359e+00
9.645238518714904785e-02 1.060156583786010742e+00 6.025981307029724121e-01 1.096337795257568359e+00
9.645238518714904785e-02 1.060156583786010742e+00 6.025981307029724121e-01 1.096337795257568359e+00
9.645238518714904785e-02 1.060156583786010742e+00 6.025981307029724121e-01 1.096337795257568359e+00
9.751141071319580078e-02 1.092565774917602539e+00 6.142709255218505859e-01 1.100556492805480957e+00
9.751141071319580078e-02 1.092565774917602539e+00 6.142709255218505859e-01 1.100556492805480957e+00
9.751141071319580078e-02 1.092565774917602539e+00 6.142709255218505859e-01 1.100556492805480957e+00
9.751141071319580078e-02 1.092565774917602539e+00 6.142709255218505859e-01 1.100556492805480957e+00
1.062016710638999939e-01 1.071817159652709961e+00 6.139494776725769043e-01 1.091621160507202148e+00
1.062016710638999939e-01 1.071817159652709961e+00 6.139494776725769043e-01 1.091621160507202148e+00
1.062016710638999939e-01 1.071817159652709961e+00 6.139494776725769043e-01 1.091621160507202148e+00
1.062016710638999939e-01 1.071817159652709961e+00 6.139494776725769043e-01 1.091621160507202148e+00
1.062016710638999939e-01 1.071817159652709961e+00 6.139494776725769043e-01 1.091621160507202148e+00
1.010795608162879944e-01 1.068022966384887695e+00 6.046798229217529297e-01 1.098109960556030273e+00
1.010795608162879944e-01 1.068022966384887695e+00 6.046798229217529297e-01 1.098109960556030273e+00
1.010795608162879944e-01 1.068022966384887695e+00 6.046798229217529297e-01 1.098109960556030273e+00
1.010795608162879944e-01 1.068022966384887695e+00 6.046798229217529297e-01 1.098109960556030273e+00
1.010795608162879944e-01 1.068022966384887695e+00 6.046798229217529297e-01 1.098109960556030273e+00
9.893423318862915039e-02 1.066150188446044922e+00 6.006433367729187012e-01 1.094820857048034668e+00
9.893423318862915039e-02 1.066150188446044922e+00 6.006433367729187012e-01 1.094820857048034668e+00
9.893423318862915039e-02 1.066150188446044922e+00 6.006433367729187012e-01 1.094820857048034668e+00
9.893423318862915039e-02 1.066150188446044922e+00 6.006433367729187012e-01 1.094820857048034668e+00
9.893423318862915039e-02 1.066150188446044922e+00 6.006433367729187012e-01 1.094820857048034668e+00
9.893423318862915039e-02 1.066150188446044922e+00 6.006433367729187012e-01 1.094820857048034668e+00
9.893423318862915039e-02 1.066150188446044922e+00 6.006433367729187012e-01 1.094820857048034668e+00
9.893423318862915039e-02 1.066150188446044922e+00 6.006433367729187012e-01 1.094820857048034668e+00
1.027517095208168030e-01 1.064224481582641602e+00 6.060044169425964355e-01 1.104414463043212891e+00
1.027517095208168030e-01 1.064224481582641602e+00 6.060044169425964355e-01 1.104414463043212891e+00
1.027517095208168030e-01 1.064224481582641602e+00 6.060044169425964355e-01 1.104414463043212891e+00
1.027517095208168030e-01 1.064224481582641602e+00 6.060044169425964355e-01 1.104414463043212891e+00
1.027517095208168030e-01 1.064224481582641602e+00 6.060044169425964355e-01 1.104414463043212891e+00
1.027517095208168030e-01 1.064224481582641602e+00 6.060044169425964355e-01 1.104414463043212891e+00
1.027517095208168030e-01 1.064224481582641602e+00 6.060044169425964355e-01 1.104414463043212891e+00
9.416228532791137695e-02 1.097573399543762207e+00 6.088606119155883789e-01 1.092128276824951172e+00
9.416228532791137695e-02 1.097573399543762207e+00 6.088606119155883789e-01 1.092128276824951172e+00
9.416228532791137695e-02 1.097573399543762207e+00 6.088606119155883789e-01 1.092128276824951172e+00
9.416228532791137695e-02 1.097573399543762207e+00 6.088606119155883789e-01 1.092128276824951172e+00
9.416228532791137695e-02 1.097573399543762207e+00 6.088606119155883789e-01 1.092128276824951172e+00
9.416228532791137695e-02 1.097573399543762207e+00 6.088606119155883789e-01 1.092128276824951172e+00
9.416228532791137695e-02 1.097573399543762207e+00 6.088606119155883789e-01 1.092128276824951172e+00
1.080890670418739319e-01 1.069998025894165039e+00 6.031299829483032227e-01 1.097434282302856445e+00
1.080890670418739319e-01 1.069998025894165039e+00 6.031299829483032227e-01 1.097434282302856445e+00
1.080890670418739319e-01 1.069998025894165039e+00 6.031299829483032227e-01 1.097434282302856445e+00
1.080890670418739319e-01 1.069998025894165039e+00 6.031299829483032227e-01 1.097434282302856445e+00
1.080890670418739319e-01 1.069998025894165039e+00 6.031299829483032227e-01 1.097434282302856445e+00
1.080890670418739319e-01 1.069998025894165039e+00 6.031299829483032227e-01 1.097434282302856445e+00
1.080890670418739319e-01 1.069998025894165039e+00 6.031299829483032227e-01 1.097434282302856445e+00
1.093939319252967834e-01 1.059264659881591797e+00 6.161461472511291504e-01 1.092882513999938965e+00
1.093939319252967834e-01 1.059264659881591797e+00 6.161461472511291504e-01 1.092882513999938965e+00
1.093939319252967834e-01 1.059264659881591797e+00 6.161461472511291504e-01 1.092882513999938965e+00
1.093939319252967834e-01 1.059264659881591797e+00 6.161461472511291504e-01 1.092882513999938965e+00
1.093939319252967834e-01 1.059264659881591797e+00 6.161461472511291504e-01 1.092882513999938965e+00
9.608262777328491211e-02 1.053626775741577148e+00 5.931733846664428711e-01 1.088453173637390137e+00
9.608262777328491211e-02 1.053626775741577148e+00 5.931733846664428711e-01 1.088453173637390137e+00
9.608262777328491211e-02 1.053626775741577148e+00 5.931733846664428711e-01 1.088453173637390137e+00
9.608262777328491211e-02 1.053626775741577148e+00 5.931733846664428711e-01 1.088453173637390137e+00
9.608262777328491211e-02 1.053626775741577148e+00 5.931733846664428711e-01 1.088453173637390137e+00
9.608262777328491211e-02 1.053626775741577148e+00 5.931733846664428711e-01 1.088453173637390137e+00
9.608262777328491211e-02 1.053626775741577148e+00 5.931733846664428711e-01 1.088453173637390137e+00
9.456634521484375000e-02 1.044370532035827637e+00 6.020368933677673340e-01 1.084609627723693848e+00
9.456634521484375000e-02 1.044370532035827637e+00 6.020368933677673340e-01 1.084609627723693848e+00
9.456634521484375000e-02 1.044370532035827637e+00 6.020368933677673340e-01 1.084609627723693848e+00
9.456634521484375000e-02 1.044370532035827637e+00 6.020368933677673340e-01 1.084609627723693848e+00
9.456634521484375000e-02 1.044370532035827637e+00 6.020368933677673340e-01 1.084609627723693848e+00
9.456634521484375000e-02 1.044370532035827637e+00 6.020368933677673340e-01 1.084609627723693848e+00
9.340751171112060547e-02 1.048985004425048828e+00 5.819650888442993164e-01 1.084399342536926270e+00
9.340751171112060547e-02 1.048985004425048828e+00 5.819650888442993164e-01 1.084399342536926270e+00
9.340751171112060547e-02 1.048985004425048828e+00 5.819650888442993164e-01 1.084399342536926270e+00
9.340751171112060547e-02 1.048985004425048828e+00 5.819650888442993164e-01 1.084399342536926270e+00
9.340751171112060547e-02 1.048985004425048828e+00 5.819650888442993164e-01 1.084399342536926270e+00
9.340751171112060547e-02 1.048985004425048828e+00 5.819650888442993164e-01 1.084399342536926270e+00
9.340751171112060547e-02 1.048985004425048828e+00 5.819650888442993164e-01 1.084399342536926270e+00
8.625432848930358887e-02 1.041912078857421875e+00 5.893865823745727539e-01 1.075742244720458984e+00
8.625432848930358887e-02 1.041912078857421875e+00 5.893865823745727539e-01 1.075742244720458984e+00
8.625432848930358887e-02 1.041912078857421875e+00 5.893865823745727539e-01 1.075742244720458984e+00
8.625432848930358887e-02 1.041912078857421875e+00 5.893865823745727539e-01 1.075742244720458984e+00
8.625432848930358887e-02 1.041912078857421875e+00 5.893865823745727539e-01 1.075742244720458984e+00
9.233376383781433105e-02 1.064018487930297852e+00 6.027768254280090332e-01 1.092450857162475586e+00
9.233376383781433105e-02 1.064018487930297852e+00 6.027768254280090332e-01 1.092450857162475586e+00
9.233376383781433105e-02 1.064018487930297852e+00 6.027768254280090332e-01 1.092450857162475586e+00
9.233376383781433105e-02 1.064018487930297852e+00 6.027768254280090332e-01 1.092450857162475586e+00
9.434318542480468750e-02 1.061535716056823730e+00 6.034039855003356934e-01 1.088538885116577148e+00
9.434318542480468750e-02 1.061535716056823730e+00 6.034039855003356934e-01 1.088538885116577148e+00
9.434318542480468750e-02 1.061535716056823730e+00 6.034039855003356934e-01 1.088538885116577148e+00
9.434318542480468750e-02 1.061535716056823730e+00 6.034039855003356934e-01 1.088538885116577148e+00
9.434318542480468750e-02 1.061535716056823730e+00 6.034039855003356934e-01 1.088538885116577148e+00
9.434318542480468750e-02 1.061535716056823730e+00 6.034039855003356934e-01 1.088538885116577148e+00
9.434318542480468750e-02 1.061535716056823730e+00 6.034039855003356934e-01 1.088538885116577148e+00
9.434318542480468750e-02 1.061535716056823730e+00 6.034039855003356934e-01 1.088538885116577148e+00
8.081710338592529297e-02 1.074804067611694336e+00 5.961006283760070801e-01 1.090819120407104492e+00
8.081710338592529297e-02 1.074804067611694336e+00 5.961006283760070801e-01 1.090819120407104492e+00
8.081710338592529297e-02 1.074804067611694336e+00 5.961006283760070801e-01 1.090819120407104492e+00
8.081710338592529297e-02 1.074804067611694336e+00 5.961006283760070801e-01 1.090819120407104492e+00
8.081710338592529297e-02 1.074804067611694336e+00 5.961006283760070801e-01 1.090819120407104492e+00
9.961128234863281250e-02 1.089380621910095215e+00 6.034173965454101562e-01 1.089763164520263672e+00
9.961128234863281250e-02 1.089380621910095215e+00 6.034173965454101562e-01 1.089763164520263672e+00
9.961128234863281250e-02 1.089380621910095215e+00 6.034173965454101562e-01 1.089763164520263672e+00
9.961128234863281250e-02 1.089380621910095215e+00 6.034173965454101562e-01 1.089763164520263672e+00
9.961128234863281250e-02 1.089380621910095215e+00 6.034173965454101562e-01 1.089763164520263672e+00
9.961128234863281250e-02 1.089380621910095215e+00 6.034173965454101562e-01 1.089763164520263672e+00
9.961128234863281250e-02 1.089380621910095215e+00 6.034173965454101562e-01 1.089763164520263672e+00
9.961128234863281250e-02 1.089380621910095215e+00 6.034173965454101562e-01 1.089763164520263672e+00
9.961128234863281250e-02 1.089380621910095215e+00 6.034173965454101562e-01 1.089763164520263672e+00
1.166970953345298767e-01 1.065225362777709961e+00 5.946621298789978027e-01 1.089637398719787598e+00
1.166970953345298767e-01 1.065225362777709961e+00 5.946621298789978027e-01 1.089637398719787598e+00
1.166970953345298767e-01 1.065225362777709961e+00 5.946621298789978027e-01 1.089637398719787598e+00
1.166970953345298767e-01 1.065225362777709961e+00 5.946621298789978027e-01 1.089637398719787598e+00
1.166970953345298767e-01 1.065225362777709961e+00 5.946621298789978027e-01 1.089637398719787598e+00
1.040351390838623047e-01 1.033459663391113281e+00 5.956677198410034180e-01 1.096167683601379395e+00
1.040351390838623047e-01 1.033459663391113281e+00 5.956677198410034180e-01 1.096167683601379395e+00
1.040351390838623047e-01 1.033459663391113281e+00 5.956677198410034180e-01 1.096167683601379395e+00
