17.72004514666935
18.24828759089466
17.46424919657298
18.24828759089466
19.6468827043885
18.110770276274835
18.681541692269406
19.235384061671343
18.681541692269406
19.235384061671343
18.439088914585774
19.235384061671343
18.439088914585774
18.24828759089466
18.439088914585774
19.1049731745428
19.4164878389476
19.235384061671343
18.439088914585774
19.1049731745428
18.439088914585774
19.235384061671343
18.439088914585774
19.1049731745428
19.6468827043885
19.235384061671343
18.681541692269406
19.1049731745428
19.4164878389476
19.235384061671343
19.4164878389476
19.1049731745428
19.4164878389476
19.235384061671343
18.439088914585774
18.24828759089466
18.439088914585774
18.110770276274835
18.439088914585774
19.235384061671343
18.681541692269406
19.235384061671343
19.4164878389476
20.223748416156685
18.439088914585774
19.235384061671343
19.4164878389476
19.235384061671343
18.439088914585774
19.1049731745428
18.439088914585774
19.1049731745428
18.439088914585774
19.235384061671343
19.4164878389476
19.235384061671343
19.4164878389476
19.235384061671343
19.4164878389476
19.1049731745428
18.439088914585774
19.1049731745428
17.72004514666935
18.24828759089466
18.681541692269406
18.24828759089466
18.439088914585774
18.24828759089466
18.681541692269406
19.1049731745428
18.681541692269406
19.235384061671343
18.439088914585774
18.110770276274835
18.439088914585774
19.4164878389476
17.72004514666935
18.24828759089466
17.46424919657298
18.24828759089466
18.681541692269406
18.24828759089466
17.72004514666935
19.235384061671343
16.492422502470642
16.278820596099706
14.560219778561036
15.297058540778355
13.601470508735444
14.317821063276353
13.341664064126334
14.317821063276353
13.601470508735444
14.317821063276353
12.649110640673518
14.317821063276353
13.601470508735444
13.341664064126334
12.649110640673518
13.152946437965905
12.649110640673518
13.152946437965905
12.649110640673518
13.152946437965905
12.649110640673518
13.341664064126334
12.36931687685298
13.152946437965905
13.601470508735444
13.152946437965905
12.649110640673518
12.165525060596439
11.704699910719626
12.36931687685298
12.649110640673518
13.341664064126334
12.649110640673518
12.165525060596439
12.649110640673518
12.36931687685298
11.704699910719626
12.165525060596439
11.704699910719626
12.36931687685298
11.40175425099138
12.165525060596439
12.36931687685298
12.36931687685298
11.40175425099138
11.180339887498949
11.40175425099138
11.180339887498949
11.40175425099138
12.165525060596439
11.40175425099138
11.180339887498949
11.40175425099138
11.180339887498949
11.704699910719626
11.40175425099138
11.704699910719626
11.40175425099138
11.704699910719626
12.165525060596439
11.704699910719626
11.40175425099138
12.36931687685298
12.165525060596439
11.704699910719626
11.40175425099138
11.704699910719626
11.40175425099138
11.40175425099138
11.40175425099138
11.40175425099138
11.180339887498949
10.770329614269007
11.180339887498949
11.40175425099138
11.180339887498949
11.40175425099138
11.180339887498949
11.40175425099138
11.180339887498949
11.40175425099138
11.180339887498949
11.40175425099138
11.180339887498949
12.36931687685298
11.180339887498949
11.40175425099138
12.165525060596439
11.704699910719626
12.36931687685298
11.704699910719626
12.165525060596439
12.649110640673518
12.165525060596439
12.649110640673518
12.36931687685298
12.649110640673518
12.165525060596439
12.649110640673518
13.152946437965905
14.560219778561036
14.142135623730951
15.524174696260024
16.278820596099706
15.524174696260024
17.11724276862369
16.492422502470642
16.1245154965971
16.492422502470642
16.1245154965971
16.492422502470642
17.26267650163207
16.492422502470642
16.278820596099706
16.492422502470642
16.1245154965971
16.492422502470642
17.26267650163207
16.492422502470642
17.26267650163207
16.492422502470642
17.26267650163207
16.492422502470642
17.26267650163207
16.492422502470642
17.26267650163207
16.492422502470642
17.26267650163207
16.492422502470642
17.11724276862369
16.492422502470642
17.26267650163207
16.492422502470642
17.26267650163207
17.46424919657298
17.26267650163207
16.76305461424021
17.11724276862369
16.76305461424021
17.11724276862369
16.76305461424021
17.26267650163207
16.492422502470642
17.26267650163207
15.524174696260024
16.278820596099706
16.492422502470642
17.26267650163207
16.492422502470642
17.26267650163207
16.76305461424021
17.11724276862369
16.492422502470642
17.26267650163207
13.601470508735444
14.317821063276353
12.649110640673518
13.152946437965905
12.649110640673518
13.341664064126334
11.704699910719626
12.36931687685298
12.649110640673518
12.165525060596439
11.40175425099138
12.165525060596439
11.40175425099138
12.165525060596439
12.36931687685298
12.165525060596439
11.704699910719626
13.341664064126334
11.704699910719626
11.40175425099138
11.704699910719626
12.36931687685298
11.40175425099138
12.165525060596439
11.40175425099138
12.165525060596439
11.40175425099138
12.165525060596439
11.704699910719626
12.165525060596439
12.649110640673518
11.180339887498949
11.704699910719626
12.165525060596439
11.40175425099138
12.165525060596439
11.40175425099138
12.165525060596439
11.40175425099138
11.40175425099138
11.40175425099138
12.165525060596439
11.40175425099138
11.40175425099138
11.40175425099138
12.165525060596439
11.40175425099138
11.180339887498949
11.40175425099138
12.36931687685298
11.40175425099138
11.180339887498949
11.704699910719626
11.40175425099138
12.36931687685298
12.36931687685298
12.649110640673518
13.152946437965905
14.560219778561036
14.142135623730951
15.524174696260024
17.11724276862369
16.492422502470642
17.26267650163207
17.46424919657298
17.26267650163207
17.46424919657298
18.24828759089466
17.72004514666935
17.26267650163207
17.72004514666935
18.110770276274835
17.72004514666935
18.24828759089466
17.72004514666935
17.26267650163207
17.72004514666935
18.110770276274835
17.72004514666935
18.24828759089466
18.439088914585774
18.24828759089466
18.681541692269406
18.24828759089466
18.681541692269406
19.235384061671343
18.681541692269406
18.24828759089466
18.681541692269406
18.24828759089466
18.681541692269406
19.235384061671343
17.72004514666935
18.24828759089466
18.681541692269406
18.24828759089466
17.72004514666935
18.24828759089466
17.72004514666935
19.235384061671343
18.681541692269406
18.24828759089466
18.681541692269406
18.24828759089466
18.681541692269406
19.235384061671343
18.681541692269406
18.24828759089466
18.681541692269406
18.24828759089466
17.72004514666935
18.24828759089466
18.439088914585774
19.1049731745428
18.681541692269406
19.235384061671343
18.439088914585774
19.235384061671343
18.439088914585774
18.24828759089466
18.681541692269406
19.235384061671343
15.524174696260024
15.297058540778355
13.601470508735444
14.317821063276353
12.36931687685298
13.152946437965905
11.704699910719626
12.36931687685298
12.36931687685298
12.36931687685298
11.704699910719626
12.36931687685298
11.40175425099138
12.165525060596439
11.704699910719626
12.165525060596439
11.704699910719626
12.165525060596439
11.40175425099138
12.165525060596439
11.40175425099138
12.165525060596439
11.40175425099138
12.36931687685298
12.649110640673518
12.165525060596439
11.40175425099138
12.165525060596439
12.36931687685298
12.165525060596439
12.649110640673518
12.165525060596439
12.36931687685298
12.165525060596439
11.704699910719626
12.165525060596439
11.40175425099138
11.40175425099138
12.649110640673518
12.36931687685298
12.649110640673518
13.152946437965905
12.649110640673518
14.142135623730951
14.560219778561036
15.297058540778355
15.524174696260024
16.1245154965971
16.492422502470642
16.1245154965971
17.46424919657298
17.26267650163207
17.46424919657298
17.26267650163207
17.72004514666935
17.26267650163207
17.46424919657298
17.26267650163207
17.72004514666935
18.24828759089466
17.46424919657298
18.24828759089466
17.72004514666935
18.24828759089466
18.439088914585774
17.26267650163207
18.681541692269406
18.24828759089466
17.72004514666935
19.235384061671343
18.681541692269406
18.24828759089466
18.681541692269406
19.235384061671343
18.681541692269406
18.24828759089466
17.46424919657298
18.24828759089466
18.439088914585774
18.24828759089466
18.681541692269406
19.1049731745428
18.681541692269406
19.1049731745428
18.439088914585774
18.24828759089466
18.681541692269406
19.235384061671343
18.681541692269406
19.235384061671343
18.681541692269406
19.235384061671343
18.439088914585774
18.24828759089466
18.681541692269406
18.24828759089466
18.681541692269406
18.24828759089466
18.681541692269406
19.235384061671343
18.439088914585774
19.235384061671343
18.681541692269406
19.235384061671343
18.681541692269406
19.235384061671343
18.681541692269406
19.235384061671343
18.681541692269406
19.235384061671343
18.681541692269406
18.24828759089466
18.681541692269406
18.24828759089466
18.681541692269406
19.235384061671343
18.681541692269406
19.235384061671343
18.681541692269406
19.235384061671343
17.72004514666935
18.24828759089466
14.560219778561036
14.317821063276353
12.36931687685298
12.36931687685298
12.649110640673518
12.36931687685298
11.704699910719626
11.180339887498949
11.40175425099138
12.165525060596439
12.36931687685298
12.165525060596439
11.40175425099138
11.40175425099138
11.40175425099138
12.165525060596439
11.40175425099138
12.165525060596439
12.36931687685298
12.165525060596439
11.40175425099138
12.165525060596439
11.40175425099138
12.165525060596439
11.40175425099138
11.40175425099138
11.40175425099138
11.40175425099138
11.40175425099138
11.180339887498949
11.40175425099138
11.180339887498949
11.40175425099138
12.165525060596439
11.40175425099138
12.165525060596439
11.40175425099138
12.165525060596439
12.649110640673518
12.165525060596439
12.649110640673518
12.36931687685298
12.36931687685298
12.165525060596439
12.649110640673518
12.36931687685298
12.649110640673518
13.152946437965905
13.601470508735444
14.142135623730951
15.524174696260024
16.1245154965971
16.492422502470642
17.26267650163207
16.492422502470642
18.24828759089466
17.72004514666935
17.26267650163207
17.72004514666935
17.26267650163207
17.72004514666935
18.24828759089466
18.681541692269406
18.24828759089466
17.72004514666935
18.24828759089466
18.681541692269406
18.24828759089466
17.72004514666935
18.24828759089466
18.681541692269406
18.24828759089466
17.46424919657298
18.24828759089466
17.72004514666935
18.24828759089466
18.681541692269406
19.235384061671343
18.439088914585774
18.24828759089466
18.681541692269406
19.235384061671343
