0.000000000000000000e+00 0.000000000000000000e+00 0.000000000000000000e+00 0.000000000000000000e+00
0.000000000000000000e+00 0.000000000000000000e+00 0.000000000000000000e+00 0.000000000000000000e+00
0.000000000000000000e+00 0.000000000000000000e+00 0.000000000000000000e+00 0.000000000000000000e+00
0.000000000000000000e+00 0.000000000000000000e+00 0.000000000000000000e+00 0.000000000000000000e+00
0.000000000000000000e+00 0.000000000000000000e+00 0.000000000000000000e+00 0.000000000000000000e+00
0.000000000000000000e+00 0.000000000000000000e+00 0.000000000000000000e+00 0.000000000000000000e+00
0.000000000000000000e+00 0.000000000000000000e+00 0.000000000000000000e+00 0.000000000000000000e+00
0.000000000000000000e+00 0.000000000000000000e+00 0.000000000000000000e+00 0.000000000000000000e+00
0.000000000000000000e+00 0.000000000000000000e+00 0.000000000000000000e+00 0.000000000000000000e+00
0.000000000000000000e+00 0.000000000000000000e+00 0.000000000000000000e+00 0.000000000000000000e+00
0.000000000000000000e+00 0.000000000000000000e+00 0.000000000000000000e+00 0.000000000000000000e+00
0.000000000000000000e+00 0.000000000000000000e+00 0.000000000000000000e+00 0.000000000000000000e+00
0.000000000000000000e+00 0.000000000000000000e+00 0.000000000000000000e+00 0.000000000000000000e+00
0.000000000000000000e+00 0.000000000000000000e+00 0.000000000000000000e+00 0.000000000000000000e+00
0.000000000000000000e+00 0.000000000000000000e+00 0.000000000000000000e+00 0.000000000000000000e+00
1.636932492256164551e-01 7.738872766494750977e-01 7.254698276519775391e-01 8.032962083816528320e-01
1.636932492256164551e-01 7.738872766494750977e-01 7.254698276519775391e-01 8.032962083816528320e-01
1.546763181686401367e-01 7.639995813369750977e-01 7.325845360755920410e-01 8.123717904090881348e-01
1.546763181686401367e-01 7.639995813369750977e-01 7.325845360755920410e-01 8.123717904090881348e-01
1.546763181686401367e-01 7.639995813369750977e-01 7.325845360755920410e-01 8.123717904090881348e-01
1.591744720935821533e-01 7.569313049316406250e-01 7.282321453094482422e-01 8.129132390022277832e-01
1.591744720935821533e-01 7.569313049316406250e-01 7.282321453094482422e-01 8.129132390022277832e-01
1.591744720935821533e-01 7.569313049316406250e-01 7.282321453094482422e-01 8.129132390022277832e-01
1.600471138954162598e-01 7.588236331939697266e-01 7.263380885124206543e-01 8.117908835411071777e-01
1.600471138954162598e-01 7.588236331939697266e-01 7.263380885124206543e-01 8.117908835411071777e-01
1.617243885993957520e-01 7.572088241577148438e-01 7.300759553909301758e-01 8.111932277679443359e-01
1.617243885993957520e-01 7.572088241577148438e-01 7.300759553909301758e-01 8.111932277679443359e-01
1.593364179134368896e-01 7.589440941810607910e-01 7.288697957992553711e-01 8.074928522109985352e-01
1.593364179134368896e-01 7.589440941810607910e-01 7.288697957992553711e-01 8.074928522109985352e-01
1.593364179134368896e-01 7.589440941810607910e-01 7.288697957992553711e-01 8.074928522109985352e-01
1.629625856876373291e-01 7.613003253936767578e-01 7.310514450073242188e-01 8.082018494606018066e-01
1.629625856876373291e-01 7.613003253936767578e-01 7.310514450073242188e-01 8.082018494606018066e-01
1.671798229217529297e-01 7.614751458168029785e-01 7.356793284416198730e-01 8.120172619819641113e-01
1.671798229217529297e-01 7.614751458168029785e-01 7.356793284416198730e-01 8.120172619819641113e-01
1.602063775062561035e-01 7.651789188385009766e-01 7.376233339309692383e-01 8.120029568672180176e-01
1.602063775062561035e-01 7.651789188385009766e-01 7.376233339309692383e-01 8.120029568672180176e-01
1.602063775062561035e-01 7.651789188385009766e-01 7.376233339309692383e-01 8.120029568672180176e-01
1.602063775062561035e-01 7.651789188385009766e-01 7.376233339309692383e-01 8.120029568672180176e-01
1.624989509582519531e-01 7.734135985374450684e-01 7.428523302078247070e-01 8.163806200027465820e-01
1.624989509582519531e-01 7.734135985374450684e-01 7.428523302078247070e-01 8.163806200027465820e-01
1.608200371265411377e-01 7.760007381439208984e-01 7.405139207839965820e-01 8.115504384040832520e-01
1.608200371265411377e-01 7.760007381439208984e-01 7.405139207839965820e-01 8.115504384040832520e-01
1.582489013671875000e-01 7.691017985343933105e-01 7.392282485961914062e-01 8.128912448883056641e-01
1.582489013671875000e-01 7.691017985343933105e-01 7.392282485961914062e-01 8.128912448883056641e-01
1.582489013671875000e-01 7.691017985343933105e-01 7.392282485961914062e-01 8.128912448883056641e-01
1.582248508930206299e-01 7.725887894630432129e-01 7.417334318161010742e-01 8.218619227409362793e-01
1.582248508930206299e-01 7.725887894630432129e-01 7.417334318161010742e-01 8.218619227409362793e-01
1.573809683322906494e-01 7.687880992889404297e-01 7.384739518165588379e-01 8.225528597831726074e-01
1.573809683322906494e-01 7.687880992889404297e-01 7.384739518165588379e-01 8.225528597831726074e-01
1.648578047752380371e-01 7.570447921752929688e-01 7.353680133819580078e-01 8.219087719917297363e-01
1.648578047752380371e-01 7.570447921752929688e-01 7.353680133819580078e-01 8.219087719917297363e-01
1.648578047752380371e-01 7.570447921752929688e-01 7.353680133819580078e-01 8.219087719917297363e-01
1.684928834438323975e-01 7.640547156333923340e-01 7.417820692062377930e-01 8.227925896644592285e-01
1.684928834438323975e-01 7.640547156333923340e-01 7.417820692062377930e-01 8.227925896644592285e-01
1.611625552177429199e-01 7.738348841667175293e-01 7.422825098037719727e-01 8.216530680656433105e-01
1.611625552177429199e-01 7.738348841667175293e-01 7.422825098037719727e-01 8.216530680656433105e-01
1.611625552177429199e-01 7.738348841667175293e-01 7.422825098037719727e-01 8.216530680656433105e-01
1.637145876884460449e-01 7.731312513351440430e-01 7.432584166526794434e-01 8.229843974113464355e-01
1.637145876884460449e-01 7.731312513351440430e-01 7.432584166526794434e-01 8.229843974113464355e-01
1.639737784862518311e-01 7.826032638549804688e-01 7.469973564147949219e-01 8.270553350448608398e-01
1.639737784862518311e-01 7.826032638549804688e-01 7.469973564147949219e-01 8.270553350448608398e-01
1.639737784862518311e-01 7.826032638549804688e-01 7.469973564147949219e-01 8.270553350448608398e-01
1.603117585182189941e-01 7.833880782127380371e-01 7.445061206817626953e-01 8.286226391792297363e-01
1.603117585182189941e-01 7.833880782127380371e-01 7.445061206817626953e-01 8.286226391792297363e-01
1.654594838619232178e-01 7.803353071212768555e-01 7.458862066268920898e-01 8.248929381370544434e-01
1.654594838619232178e-01 7.803353071212768555e-01 7.458862066268920898e-01 8.248929381370544434e-01
1.654278039932250977e-01 7.810963988304138184e-01 7.444816827774047852e-01 8.209101557731628418e-01
1.654278039932250977e-01 7.810963988304138184e-01 7.444816827774047852e-01 8.209101557731628418e-01
1.654278039932250977e-01 7.810963988304138184e-01 7.444816827774047852e-01 8.209101557731628418e-01
1.626771390438079834e-01 7.804835438728332520e-01 7.422195076942443848e-01 8.203763365745544434e-01
1.626771390438079834e-01 7.804835438728332520e-01 7.422195076942443848e-01 8.203763365745544434e-01
1.737610697746276855e-01 7.761130928993225098e-01 7.444844841957092285e-01 8.198741078376770020e-01
1.737610697746276855e-01 7.761130928993225098e-01 7.444844841957092285e-01 8.198741078376770020e-01
1.737610697746276855e-01 7.761130928993225098e-01 7.444844841957092285e-01 8.198741078376770020e-01
1.614253818988800049e-01 7.804118990898132324e-01 7.410093545913696289e-01 8.213824629783630371e-01
1.614253818988800049e-01 7.804118990898132324e-01 7.410093545913696289e-01 8.213824629783630371e-01
1.614253818988800049e-01 7.804118990898132324e-01 7.410093545913696289e-01 8.213824629783630371e-01
1.627175807952880859e-01 7.707658410072326660e-01 7.418823242187500000e-01 8.195844888687133789e-01
1.627175807952880859e-01 7.707658410072326660e-01 7.418823242187500000e-01 8.195844888687133789e-01
1.535415053367614746e-01 7.696920037269592285e-01 7.396966218948364258e-01 8.202560544013977051e-01
1.535415053367614746e-01 7.696920037269592285e-01 7.396966218948364258e-01 8.202560544013977051e-01
1.339777708053588867e-01 7.784517407417297363e-01 7.465282678604125977e-01 8.307658433914184570e-01
1.339777708053588867e-01 7.784517407417297363e-01 7.465282678604125977e-01 8.307658433914184570e-01
1.339777708053588867e-01 7.784517407417297363e-01 7.465282678604125977e-01 8.307658433914184570e-01
1.396249234676361084e-01 7.727767229080200195e-01 7.475452423095703125e-01 8.214614391326904297e-01
1.396249234676361084e-01 7.727767229080200195e-01 7.475452423095703125e-01 8.214614391326904297e-01
1.345566511154174805e-01 7.921187281608581543e-01 7.507423758506774902e-01 8.325651884078979492e-01
1.345566511154174805e-01 7.921187281608581543e-01 7.507423758506774902e-01 8.325651884078979492e-01
1.344087719917297363e-01 8.014600276947021484e-01 7.516846656799316406e-01 8.359230160713195801e-01
1.344087719917297363e-01 8.014600276947021484e-01 7.516846656799316406e-01 8.359230160713195801e-01
1.344087719917297363e-01 8.014600276947021484e-01 7.516846656799316406e-01 8.359230160713195801e-01
1.258597671985626221e-01 8.223172426223754883e-01 7.514749169349670410e-01 8.459984660148620605e-01
1.258597671985626221e-01 8.223172426223754883e-01 7.514749169349670410e-01 8.459984660148620605e-01
1.258597671985626221e-01 8.223172426223754883e-01 7.514749169349670410e-01 8.459984660148620605e-01
1.283103525638580322e-01 8.093761801719665527e-01 7.513184547424316406e-01 8.499628901481628418e-01
1.283103525638580322e-01 8.093761801719665527e-01 7.513184547424316406e-01 8.499628901481628418e-01
1.311147511005401611e-01 8.215004801750183105e-01 7.485830783843994141e-01 8.450152873992919922e-01
1.311147511005401611e-01 8.215004801750183105e-01 7.485830783843994141e-01 8.450152873992919922e-01
1.271673440933227539e-01 8.360177278518676758e-01 7.589870691299438477e-01 8.455722332000732422e-01
1.271673440933227539e-01 8.360177278518676758e-01 7.589870691299438477e-01 8.455722332000732422e-01
1.168445125222206116e-01 8.431684970855712891e-01 7.592107057571411133e-01 8.516270518302917480e-01
1.168445125222206116e-01 8.431684970855712891e-01 7.592107057571411133e-01 8.516270518302917480e-01
1.169917359948158264e-01 8.456094264984130859e-01 7.562719583511352539e-01 8.464652895927429199e-01
1.169917359948158264e-01 8.456094264984130859e-01 7.562719583511352539e-01 8.464652895927429199e-01
1.163182854652404785e-01 8.378807902336120605e-01 7.549787759780883789e-01 8.495906591415405273e-01
1.120984777808189392e-01 8.327786922454833984e-01 7.501195669174194336e-01 8.529267907142639160e-01
1.120984777808189392e-01 8.327786922454833984e-01 7.501195669174194336e-01 8.529267907142639160e-01
1.109204068779945374e-01 8.336721062660217285e-01 7.496217489242553711e-01 8.525461554527282715e-01
1.106207370758056641e-01 8.356815576553344727e-01 7.494270801544189453e-01 8.496255278587341309e-01
1.106207370758056641e-01 8.356815576553344727e-01 7.494270801544189453e-01 8.496255278587341309e-01
1.073921918869018555e-01 8.414656519889831543e-01 7.511110305786132812e-01 8.622037172317504883e-01
1.073921918869018555e-01 8.414656519889831543e-01 7.511110305786132812e-01 8.622037172317504883e-01
1.037328466773033142e-01 8.261064887046813965e-01 7.484872341156005859e-01 8.678493499755859375e-01
1.037328466773033142e-01 8.261064887046813965e-01 7.484872341156005859e-01 8.678493499755859375e-01
1.001223102211952209e-01 8.277661800384521484e-01 7.500689625740051270e-01 8.683978319168090820e-01
1.001223102211952209e-01 8.277661800384521484e-01 7.500689625740051270e-01 8.683978319168090820e-01
9.780308604240417480e-02 8.213204145431518555e-01 7.435560226440429688e-01 8.591644167900085449e-01
9.491521120071411133e-02 8.393104076385498047e-01 7.411159873008728027e-01 8.610409498214721680e-01
9.491521120071411133e-02 8.393104076385498047e-01 7.411159873008728027e-01 8.610409498214721680e-01
1.012177243828773499e-01 8.319684267044067383e-01 7.355047464370727539e-01 8.410153985023498535e-01
1.100196838378906250e-01 8.321928381919860840e-01 7.351077198982238770e-01 8.395396471023559570e-01
1.100196838378906250e-01 8.321928381919860840e-01 7.351077198982238770e-01 8.395396471023559570e-01
1.174019351601600647e-01 8.195050954818725586e-01 7.296634912490844727e-01 8.390244245529174805e-01
1.240821108222007751e-01 8.153764009475708008e-01 7.289509773254394531e-01 8.302212953567504883e-01
1.240821108222007751e-01 8.153764009475708008e-01 7.289509773254394531e-01 8.302212953567504883e-01
1.251784861087799072e-01 8.060708642005920410e-01 7.291402816772460938e-01 8.339869976043701172e-01
1.256984472274780273e-01 8.177759647369384766e-01 7.320631742477416992e-01 8.362632989883422852e-01
1.256984472274780273e-01 8.177759647369384766e-01 7.320631742477416992e-01 8.362632989883422852e-01
1.286318898200988770e-01 8.102542161941528320e-01 7.298652529716491699e-01 8.340340852737426758e-01
1.286318898200988770e-01 8.102542161941528320e-01 7.298652529716491699e-01 8.340340852737426758e-01
1.261560916900634766e-01 8.098372220993041992e-01 7.298949956893920898e-01 8.359060287475585938e-01
1.261560916900634766e-01 8.098372220993041992e-01 7.298949956893920898e-01 8.359060287475585938e-01
1.261560916900634766e-01 8.098372220993041992e-01 7.298949956893920898e-01 8.359060287475585938e-01
1.207379698753356934e-01 8.264757394790649414e-01 7.320514917373657227e-01 8.431688547134399414e-01
1.207379698753356934e-01 8.264757394790649414e-01 7.320514917373657227e-01 8.431688547134399414e-01
1.187906041741371155e-01 8.264650702476501465e-01 7.301702499389648438e-01 8.376893997192382812e-01
1.187906041741371155e-01 8.264650702476501465e-01 7.301702499389648438e-01 8.376893997192382812e-01
1.187906041741371155e-01 8.264650702476501465e-01 7.301702499389648438e-01 8.376893997192382812e-01
1.161633729934692383e-01 8.266216516494750977e-01 7.298283576965332031e-01 8.370831012725830078e-01
1.161633729934692383e-01 8.266216516494750977e-01 7.298283576965332031e-01 8.370831012725830078e-01
1.169921159744262695e-01 8.173133134841918945e-01 7.319701313972473145e-01 8.398797512054443359e-01
1.169921159744262695e-01 8.173133134841918945e-01 7.319701313972473145e-01 8.398797512054443359e-01
1.197742447257041931e-01 8.134588003158569336e-01 7.306686639785766602e-01 8.399155139923095703e-01
1.197742447257041931e-01 8.134588003158569336e-01 7.306686639785766602e-01 8.399155139923095703e-01
1.197742447257041931e-01 8.134588003158569336e-01 7.306686639785766602e-01 8.399155139923095703e-01
1.178412660956382751e-01 8.262373208999633789e-01 7.312215566635131836e-01 8.454828262329101562e-01
1.178412660956382751e-01 8.262373208999633789e-01 7.312215566635131836e-01 8.454828262329101562e-01
1.186152920126914978e-01 8.133028745651245117e-01 7.349609136581420898e-01 8.487213850021362305e-01
