21.0
21.37755832643195
22.02271554554524
22.561028345356956
21.0
21.37755832643195
19.026297590440446
20.396078054371138
21.02379604162864
20.223748416156685
20.0
21.37755832643195
20.024984394500787
21.37755832643195
20.0
19.4164878389476
20.0
20.396078054371138
19.0
19.4164878389476
20.024984394500787
19.4164878389476
19.0
20.396078054371138
19.0
18.439088914585774
20.0
20.396078054371138
20.024984394500787
19.4164878389476
20.0
20.396078054371138
20.0
20.396078054371138
20.024984394500787
19.4164878389476
20.0
20.396078054371138
20.0
20.396078054371138
20.0
20.615528128088304
20.0
19.6468827043885
21.0
20.396078054371138
21.0
20.615528128088304
21.0
20.615528128088304
21.0
20.615528128088304
22.0
21.587033144922902
21.0
21.587033144922902
21.0
21.587033144922902
22.0
21.587033144922902
21.0
20.615528128088304
22.0
20.615528128088304
21.0
20.615528128088304
22.02271554554524
20.615528128088304
21.02379604162864
20.615528128088304
21.02379604162864
21.587033144922902
22.0
21.587033144922902
21.0
20.615528128088304
21.0
21.587033144922902
22.02271554554524
21.587033144922902
22.02271554554524
21.587033144922902
21.02379604162864
21.840329667841555
21.02379604162864
21.587033144922902
22.02271554554524
21.587033144922902
22.02271554554524
21.840329667841555
21.02379604162864
21.587033144922902
21.02379604162864
20.8806130178211
22.0
22.561028345356956
22.02271554554524
21.587033144922902
20.024984394500787
20.615528128088304
21.0
20.396078054371138
17.029386365926403
17.46424919657298
18.027756377319946
18.439088914585774
18.0
17.72004514666935
17.029386365926403
17.46424919657298
18.027756377319946
17.46424919657298
18.0
17.46424919657298
17.029386365926403
17.46424919657298
18.027756377319946
17.46424919657298
18.027756377319946
17.46424919657298
17.0
16.492422502470642
17.029386365926403
17.46424919657298
17.029386365926403
16.492422502470642
17.029386365926403
17.46424919657298
17.0
17.46424919657298
17.029386365926403
17.46424919657298
17.0
17.26267650163207
18.027756377319946
18.24828759089466
18.027756377319946
17.46424919657298
18.027756377319946
18.439088914585774
19.026297590440446
18.681541692269406
19.0
19.4164878389476
19.026297590440446
19.4164878389476
20.024984394500787
19.4164878389476
20.024984394500787
19.6468827043885
19.0
19.4164878389476
20.024984394500787
20.615528128088304
21.02379604162864
20.396078054371138
20.0
20.396078054371138
20.024984394500787
20.396078054371138
20.024984394500787
20.396078054371138
21.0
20.396078054371138
21.0
20.396078054371138
21.02379604162864
21.37755832643195
20.024984394500787
21.37755832643195
21.02379604162864
20.396078054371138
20.0
20.396078054371138
21.02379604162864
21.37755832643195
20.024984394500787
20.396078054371138
21.02379604162864
20.396078054371138
21.02379604162864
21.37755832643195
21.02379604162864
21.37755832643195
21.02379604162864
21.37755832643195
20.024984394500787
21.37755832643195
22.02271554554524
21.37755832643195
21.02379604162864
21.37755832643195
22.090722034374522
21.37755832643195
21.02379604162864
21.37755832643195
21.095023109728988
21.37755832643195
21.02379604162864
22.360679774997898
22.02271554554524
22.360679774997898
22.02271554554524
21.37755832643195
21.02379604162864
22.360679774997898
22.02271554554524
21.37755832643195
21.02379604162864
21.37755832643195
20.024984394500787
19.4164878389476
19.026297590440446
18.439088914585774
18.027756377319946
19.4164878389476
18.027756377319946
18.439088914585774
18.0
18.439088914585774
17.0
18.439088914585774
18.0
18.439088914585774
18.027756377319946
18.24828759089466
17.0
17.26267650163207
17.0
17.46424919657298
17.0
17.26267650163207
17.029386365926403
17.26267650163207
17.029386365926403
17.26267650163207
17.029386365926403
17.46424919657298
17.0
17.26267650163207
16.0312195418814
17.26267650163207
17.029386365926403
17.46424919657298
17.029386365926403
17.46424919657298
17.029386365926403
17.26267650163207
18.0
18.24828759089466
17.0
18.24828759089466
19.0
18.24828759089466
19.0
19.4164878389476
19.026297590440446
18.439088914585774
19.0
19.4164878389476
21.02379604162864
21.37755832643195
22.02271554554524
21.37755832643195
21.02379604162864
21.37755832643195
21.02379604162864
21.587033144922902
21.02379604162864
21.587033144922902
22.0
21.37755832643195
21.02379604162864
21.37755832643195
22.02271554554524
21.587033144922902
22.02271554554524
21.37755832643195
21.02379604162864
21.37755832643195
21.02379604162864
20.615528128088304
21.02379604162864
21.587033144922902
22.02271554554524
21.587033144922902
21.02379604162864
21.37755832643195
21.02379604162864
21.37755832643195
22.02271554554524
21.37755832643195
22.02271554554524
21.37755832643195
21.02379604162864
21.37755832643195
21.0
20.396078054371138
22.02271554554524
21.37755832643195
21.02379604162864
20.396078054371138
21.02379604162864
21.37755832643195
20.024984394500787
21.37755832643195
20.024984394500787
21.37755832643195
21.02379604162864
20.396078054371138
21.02379604162864
20.396078054371138
21.02379604162864
21.37755832643195
21.02379604162864
21.37755832643195
21.02379604162864
20.396078054371138
21.02379604162864
20.396078054371138
21.02379604162864
21.37755832643195
21.02379604162864
21.37755832643195
21.02379604162864
21.37755832643195
19.026297590440446
19.235384061671343
18.0
19.235384061671343
18.027756377319946
18.24828759089466
17.0
17.26267650163207
18.027756377319946
18.439088914585774
17.029386365926403
17.26267650163207
17.0
17.46424919657298
17.029386365926403
17.26267650163207
18.027756377319946
18.24828759089466
18.027756377319946
17.46424919657298
17.029386365926403
18.24828759089466
17.029386365926403
16.278820596099706
17.0
17.26267650163207
17.029386365926403
17.26267650163207
17.0
17.26267650163207
17.029386365926403
17.46424919657298
18.027756377319946
18.24828759089466
17.029386365926403
17.26267650163207
19.026297590440446
19.4164878389476
18.027756377319946
18.439088914585774
19.0
19.235384061671343
18.027756377319946
19.235384061671343
19.0
19.235384061671343
20.024984394500787
19.4164878389476
19.026297590440446
20.396078054371138
19.026297590440446
19.4164878389476
20.024984394500787
20.396078054371138
21.0
20.396078054371138
20.024984394500787
20.396078054371138
20.0
20.615528128088304
21.02379604162864
20.396078054371138
21.0
20.396078054371138
21.02379604162864
21.37755832643195
21.02379604162864
20.396078054371138
21.0
20.396078054371138
21.0
20.396078054371138
21.02379604162864
20.396078054371138
21.0
20.615528128088304
21.0
20.396078054371138
21.0
21.37755832643195
21.02379604162864
20.396078054371138
21.0
20.396078054371138
21.02379604162864
20.396078054371138
20.024984394500787
20.396078054371138
21.02379604162864
21.37755832643195
21.02379604162864
20.396078054371138
21.02379604162864
21.37755832643195
21.02379604162864
20.396078054371138
21.02379604162864
20.396078054371138
21.02379604162864
21.37755832643195
21.02379604162864
20.396078054371138
21.0
21.37755832643195
22.0
20.396078054371138
21.0
21.37755832643195
21.0
21.37755832643195
21.02379604162864
20.396078054371138
21.02379604162864
20.396078054371138
21.02379604162864
20.396078054371138
20.024984394500787
20.396078054371138
21.02379604162864
21.37755832643195
20.024984394500787
21.37755832643195
20.024984394500787
21.37755832643195
20.024984394500787
20.396078054371138
20.024984394500787
20.396078054371138
20.024984394500787
20.396078054371138
20.024984394500787
19.4164878389476
18.0
18.24828759089466
18.027756377319946
18.24828759089466
18.027756377319946
17.26267650163207
17.029386365926403
17.46424919657298
17.0
17.46424919657298
17.0
16.278820596099706
17.029386365926403
17.26267650163207
17.0
17.26267650163207
17.0
17.26267650163207
17.0
17.26267650163207
17.0
17.26267650163207
17.0
17.46424919657298
17.029386365926403
17.26267650163207
17.0
17.46424919657298
17.029386365926403
18.24828759089466
18.027756377319946
17.26267650163207
18.0
19.4164878389476
18.027756377319946
19.4164878389476
18.027756377319946
18.439088914585774
18.027756377319946
19.4164878389476
19.026297590440446
19.4164878389476
20.024984394500787
19.235384061671343
20.024984394500787
20.396078054371138
20.0
20.396078054371138
21.02379604162864
21.587033144922902
21.02379604162864
20.396078054371138
21.02379604162864
20.396078054371138
21.02379604162864
21.37755832643195
22.02271554554524
21.37755832643195
21.02379604162864
21.37755832643195
21.0
21.587033144922902
21.02379604162864
22.360679774997898
21.02379604162864
21.37755832643195
21.02379604162864
21.37755832643195
20.024984394500787
21.37755832643195
21.095023109728988
20.396078054371138
21.02379604162864
21.37755832643195
22.02271554554524
21.37755832643195
22.02271554554524
22.360679774997898
21.02379604162864
21.37755832643195
21.02379604162864
21.37755832643195
21.02379604162864
21.37755832643195
21.02379604162864
21.37755832643195
20.024984394500787
21.37755832643195
21.02379604162864
20.396078054371138
21.02379604162864
21.587033144922902
21.02379604162864
21.37755832643195
20.024984394500787
21.37755832643195
20.024984394500787
19.4164878389476
21.02379604162864
21.37755832643195
19.026297590440446
18.439088914585774
19.0
19.4164878389476
18.027756377319946
18.439088914585774
18.0
18.24828759089466
18.0
18.439088914585774
18.027756377319946
18.439088914585774
18.0
19.235384061671343
19.026297590440446
19.235384061671343
19.026297590440446
19.235384061671343
19.026297590440446
19.4164878389476
19.026297590440446
19.4164878389476
19.026297590440446
19.4164878389476
19.026297590440446
18.24828759089466
19.026297590440446
19.235384061671343
18.027756377319946
18.439088914585774
19.026297590440446
19.235384061671343
18.027756377319946
18.439088914585774
